0 
0 Name: Neues Modell.ldr
0 Author: 
1 0 1070 -72 -310 1 0 0 0 1 0 0 0 1 39367p01.dat
1 0 1070 -72 -90 1 0 0 0 1 0 0 0 1 39367p01.dat
1 15 1070 -72 -142 -1 0 0 0 0 -1 0 -1 0 54696.dat
1 15 1070 -72 -260 1 0 0 0 0 -1 0 1 0 54696.dat
1 4 1070 -72 -300 0 0 1 0 1 0 -1 0 0 32062.dat
1 4 1070 -72 -100 0 0 -1 0 1 0 1 0 0 32062.dat
1 0 1108 -212 -200 0 -1 0 1 0 0 0 0 1 40490.dat
1 232 1050 -232 -200 1 0 0 0 1 0 0 0 1 32524.dat
1 15 1050 -272 -200 1 0 0 0 0 -1 0 1 0 32192.dat
0 !LEOCAD PIECE PIVOT  -20 0 0 1 0 0 0 1 0 0 0 1
1 0 1050 -342.3353 -267.7623 0 0 -1 0.707107 0.707107 0 0.707107 -0.707107 0 60485.dat
0 !LEOCAD PIECE PIVOT  0 0 0 1 0 0 0 1 0 0 0 1
1 0 1050 -391.8328 -317.2598 -1 0 0 0 0.707107 -0.707107 0 -0.707107 -0.707107 32270.dat
1 0 1028 -212 -200 0 -1 0 1 0 0 0 0 1 40490.dat
0 !LEOCAD PIECE PIVOT  -40 -96 0 1 0 0 0 1 0 0 0 1
1 15 890 -176 -210 0 0 1 0 1 0 -1 0 0 45601p02.dat
0 !LEOCAD PIECE PIVOT  0 -16 0 1 0 0 0 1 0 0 0 1
1 15 980 -288 -230 -1 0 0 0 1 0 0 0 -1 37312.dat
0 !LEOCAD PIECE PIVOT  0 0 -40 1 0 0 0 1 0 0 0 1
1 5 910 -224 -130 0 0 1 1 0 0 0 1 0 32525.dat
0 !LEOCAD PIECE PIVOT  0 0 -40 1 0 0 0 1 0 0 0 1
1 5 910 -224 -290 0 0 1 1 0 0 0 1 0 32525.dat
0 !LEOCAD PIECE PIVOT  0 0 -40 1 0 0 0 1 0 0 0 1
1 5 810 -124 -114 -1 0 0 0 0 1 0 1 0 32525.dat
0 !LEOCAD PIECE PIVOT  0 0 -40 1 0 0 0 1 0 0 0 1
1 5 810 -124 -306 -1 0 0 0 0 1 0 1 0 32525.dat
0 !LEOCAD PIECE PIVOT  200 112 260 1 0 0 0 1 0 0 0 1
1 15 750 -144 -210 0 0 1 0 1 0 -1 0 0 54675.dat
1 15 810 -24 -290 1 0 0 0 1 0 0 0 1 13971.dat
1 15 810 -24 -130 1 0 0 0 1 0 0 0 1 13971.dat
0 !LEOCAD PIECE PIVOT  -50 -32 0 1 0 0 0 1 0 0 0 1
1 15 849.9999 -108 -286 -1 0 0 0 0 -1 0 -1 0 32526.dat
0 !LEOCAD PIECE PIVOT  -50 -32 0 1 0 0 0 1 0 0 0 1
1 15 849.9999 -108 -134 -1 0 0 0 0 -1 0 -1 0 32526.dat
1 5 810 -104 -134 1 0 0 0 0 1 0 -1 0 32316.dat
1 5 810 -104 -286 1 0 0 0 0 1 0 -1 0 32316.dat
1 232 810 -84 -270 1 0 0 0 0 1 0 -1 0 32524.dat
1 232 810 -84 -150 1 0 0 0 0 1 0 -1 0 32524.dat
1 7 744 -240 -210 0 -1 0 0 0 1 -1 0 0 14720.dat
1 7 760 -200 -210 1 0 0 0 0 1 0 -1 0 48989.dat
1 232 810 -84 -270 1 0 0 0 0 1 0 -1 0 32524.dat
1 7 760 -280 -210 1 0 0 0 0 1 0 -1 0 48989.dat
0 !LEOCAD PIECE PIVOT  10 0 20 1 0 0 0 1 0 0 0 1
1 0 760 -240 -210 0 1 0 -1 0 0 0 0 1 39793.dat
1 15 740 -400 -210 0 0 1 0 -1 0 1 0 0 37316.dat
1 15 720 -344 -210 0 0 1 0 1 0 -1 0 0 37308.dat
1 14 780 -280 -210 0 1 0 -1 0 0 0 0 1 32523.dat
0 !LEOCAD PIECE PIVOT  10 0 20 1 0 0 0 1 0 0 0 1
1 0 760.0001 -298.0001 -210 0 0 -1 0 -1 0 -1 0 0 39793.dat
1 14 720 -360 -248 1 0 0 0 0 1 0 -1 0 32140.dat
1 14 720 -360 -170 1 0 0 0 0 1 0 -1 0 32140.dat
1 0 756.0001 -358.0001 -210 0 -1 0 -1 0 0 0 0 -1 64179.dat
1 14 715.7178 -326.6988 -288 -0.5 0 0.866025 -0.866025 0 -0.5 0 -1 0 32140.dat
1 14 715.7178 -326.6988 -128 -0.5 0 0.866025 -0.866025 0 -0.5 0 -1 0 32140.dat
1 4 720 -304 -210 0 0 1 0 1 0 -1 0 0 41678.dat
0 !LEOCAD PIECE PIVOT  0 8 -140 1 0 0 0 1 0 0 0 1
1 0 778 -535.2435 -112 0 -1 0 0.5 0 -0.866025 0.866025 0 0.5 32009.dat
0 !LEOCAD PIECE PIVOT  0 8 -140 1 0 0 0 1 0 0 0 1
1 0 794 -535.2435 -112 0 -1 0 0.5 0 -0.866025 0.866025 0 0.5 32009.dat
0 !LEOCAD PIECE PIVOT  0 8 -140 1 0 0 0 1 0 0 0 1
1 0 778 -536.2435 -306.9999 0 1 0 0.5 0 -0.866025 -0.866025 0 -0.5 32009.dat
1 0 1050 -160 -200 0 0 1 1 0 0 0 1 0 44294.dat
1 15 1034 -122 -200 0 -1 0 1 0 0 0 0 1 32184.dat
1 0 939.4993 -104 -224.1869 -0.34202 0 -0.939693 0 1 0 0.939693 0 -0.34202 40490.dat
1 0 750 -108 -210 0 -1 0 0 0 1 -1 0 0 4185a.dat
1 0 827.8713 -81 -225.4344 0.258819 0 -0.965926 0 1 0 0.965926 0 0.258819 40490.dat
0 !LEOCAD PIECE PIVOT  10 0 20 1 0 0 0 1 0 0 0 1
1 0 1008 -205 -170 0 1 0 0 0 1 1 0 0 39793.dat
0 !LEOCAD PIECE PIVOT  10 0 20 1 0 0 0 1 0 0 0 1
1 0 1008 -205 -250 0 1 0 0 0 1 1 0 0 39793.dat
0 !LEOCAD PIECE PIVOT  0 8 -140 1 0 0 0 1 0 0 0 1
1 0 794 -536.2435 -306.9999 0 1 0 0.5 0 -0.866025 -0.866025 0 -0.5 32009.dat
