0 
0 Name: Neues Modell.ldr
0 Author: 
1 0 1070 -72 -480 1 0 0 0 1 0 0 0 1 39367p01.dat
1 0 1070 -72 90 1 0 0 0 1 0 0 0 1 39367p01.dat
1 15 1070 -72 -86 -1 0 0 0 0 -1 0 -1 0 54696.dat
1 15 1070 -72 -324 1 0 0 0 0 -1 0 1 0 54696.dat
1 4 1070 -72 -410 0 0 1 0 1 0 -1 0 0 32062.dat
1 4 1070 -72 30 0 0 -1 0 1 0 1 0 0 32062.dat
1 0 1204 -212 -200 0 -1 0 1 0 0 0 0 1 40490.dat
1 232 1050 -288 -200 1 0 0 0 1 0 0 0 1 32524.dat
1 15 1050 -352 -200 1 0 0 0 0 -1 0 1 0 32192.dat
0 !LEOCAD PIECE PIVOT  -20 0 0 1 0 0 0 1 0 0 0 1
1 0 1050 -427.1882 -352.6152 0 0 -1 0.707107 0.707107 0 0.707107 -0.707107 0 60485.dat
0 !LEOCAD PIECE PIVOT  0 0 0 1 0 0 0 1 0 0 0 1
1 0 1050 -519.1122 -444.5392 -1 0 0 0 0.707107 -0.707107 0 -0.707107 -0.707107 32270.dat
1 0 1140 -212 -200 0 -1 0 1 0 0 0 0 1 40490.dat
0 !LEOCAD PIECE PIVOT  -40 -96 0 1 0 0 0 1 0 0 0 1
1 15 890 -176 -210 0 0 1 0 1 0 -1 0 0 45601p02.dat
0 !LEOCAD PIECE PIVOT  0 -16 0 1 0 0 0 1 0 0 0 1
1 15 980 -352 -230 -1 0 0 0 1 0 0 0 -1 37312.dat
0 !LEOCAD PIECE PIVOT  0 0 -40 1 0 0 0 1 0 0 0 1
1 5 910 -224 6 0 0 1 1 0 0 0 1 0 32525.dat
0 !LEOCAD PIECE PIVOT  0 0 -40 1 0 0 0 1 0 0 0 1
1 5 910 -224 -386 0 0 1 1 0 0 0 1 0 32525.dat
0 !LEOCAD PIECE PIVOT  0 0 -40 1 0 0 0 1 0 0 0 1
1 5 810 -124 84 -1 0 0 0 0 1 0 1 0 32525.dat
0 !LEOCAD PIECE PIVOT  0 0 -40 1 0 0 0 1 0 0 0 1
1 5 810 -124 -498 -1 0 0 0 0 1 0 1 0 32525.dat
0 !LEOCAD PIECE PIVOT  200 112 260 1 0 0 0 1 0 0 0 1
1 15 750 -96 -210 0 0 1 0 1 0 -1 0 0 54675.dat
1 15 810 -24 -360 1 0 0 0 1 0 0 0 1 13971.dat
0 !LEOCAD PIECE PIVOT  30 8 0 1 0 0 0 1 0 0 0 1
1 15 810 -24 -30 1 0 0 0 1 0 0 0 1 13971.dat
0 !LEOCAD PIECE PIVOT  -50 -32 0 1 0 0 0 1 0 0 0 1
1 15 849.9999 -108 -366 -1 0 0 0 0 -1 0 -1 0 32526.dat
0 !LEOCAD PIECE PIVOT  -50 -32 0 1 0 0 0 1 0 0 0 1
1 15 849.9999 -108 -22 -1 0 0 0 0 -1 0 -1 0 32526.dat
1 5 810 -104 42 1 0 0 0 0 1 0 -1 0 32316.dat
1 5 810 -104 -438 1 0 0 0 0 1 0 -1 0 32316.dat
1 7 624 -240 -210 0 -1 0 0 0 1 -1 0 0 14720.dat
1 7 760 -200 -210 1 0 0 0 0 1 0 -1 0 48989.dat
1 232 810 -84 -390 1 0 0 0 0 1 0 -1 0 32524.dat
1 7 760 -280 -210 1 0 0 0 0 1 0 -1 0 48989.dat
0 !LEOCAD PIECE PIVOT  10 0 20 1 0 0 0 1 0 0 0 1
1 0 672 -240 -210 0 1 0 -1 0 0 0 0 1 39793.dat
1 15 540 -400 -210 0 0 1 0 -1 0 1 0 0 37316.dat
1 15 610 -344 -210 0 0 1 0 1 0 -1 0 0 37308.dat
1 14 844 -280 -210 0 1 0 -1 0 0 0 0 1 32523.dat
0 !LEOCAD PIECE PIVOT  10 0 20 1 0 0 0 1 0 0 0 1
1 0 760.0001 -362.0001 -210 0 0 -1 0 -1 0 -1 0 0 39793.dat
1 14 720 -360 -328 1 0 0 0 0 1 0 -1 0 32140.dat
1 14 720 -360 -98 1 0 0 0 0 1 0 -1 0 32140.dat
1 0 756.0001 -458.0001 -210 0 -1 0 -1 0 0 0 0 -1 64179.dat
1 14 715.7178 -326.6988 -408 -0.5 0 0.866025 -0.866025 0 -0.5 0 -1 0 32140.dat
1 14 715.7178 -326.6988 -40 -0.5 0 0.866025 -0.866025 0 -0.5 0 -1 0 32140.dat
1 4 720 -304 -210 0 0 1 0 1 0 -1 0 0 41678.dat
0 !LEOCAD PIECE PIVOT  0 8 -140 1 0 0 0 1 0 0 0 1
1 0 778 -490.2435 -34.0578 0 -1 0 0.5 0 -0.866025 0.866025 0 0.5 32009.dat
0 !LEOCAD PIECE PIVOT  0 8 -140 1 0 0 0 1 0 0 0 1
1 0 826 -490.2435 -34.0578 0 -1 0 0.5 0 -0.866025 0.866025 0 0.5 32009.dat
0 !LEOCAD PIECE PIVOT  0 8 -140 1 0 0 0 1 0 0 0 1
1 0 778 -486.2435 -393.6024 0 1 0 0.5 0 -0.866025 -0.866025 0 -0.5 32009.dat
1 0 1050 -170 -200 0 0 1 1 0 0 0 1 0 44294.dat
1 15 1034 -82 -200 0 -1 0 1 0 0 0 0 1 32184.dat
1 0 939.4993 -48 -224.1869 -0.34202 0 -0.939693 0 1 0 0.939693 0 -0.34202 40490.dat
1 0 750 -38 -210 0 -1 0 0 0 1 -1 0 0 4185a.dat
1 0 827.8713 -1 -225.4344 0.258819 0 -0.965926 0 1 0 0.965926 0 0.258819 40490.dat
0 !LEOCAD PIECE PIVOT  10 0 20 1 0 0 0 1 0 0 0 1
1 0 1064 -205 -170 0 1 0 0 0 1 1 0 0 39793.dat
0 !LEOCAD PIECE PIVOT  10 0 20 1 0 0 0 1 0 0 0 1
1 0 1056 -205 -250 0 1 0 0 0 1 1 0 0 39793.dat
0 !LEOCAD PIECE PIVOT  0 8 -140 1 0 0 0 1 0 0 0 1
1 0 826 -486.2435 -393.6024 0 1 0 0.5 0 -0.866025 -0.866025 0 -0.5 32009.dat
1 232 810 -84 2 1 0 0 0 0 1 0 -1 0 32524.dat
